C1=4.22*6e+6;
C3=6.98*2*1.3*1e+7;
C5=6.98*2*1.3*1e+7;
C6=5.3*1.3*6e+6;
C8=1.774*2*1.3*1e+8;
C10=4.22*6e+6;
C12=3.962*1.3*2*1e+7;
C14=3.96*2*1.32*1e+7;
C15=5.3*1.3*1e+6;
C17=2.38*2*1.3*1e+8;
U06=2.09*100;
c2=1.2*1.3;
c1=0.8*2.9;
U01=6.3216*0.7*c2*1.1*100;
U61=abs(433)*6;
U67=0.56*1056*6;
U62=0.44*1056*6;
% U17=abs((0.56*1056)*(1.52*(T7-T1)^(1/3)));
% U12=abs((0.44*1056)*(1.52*(T2-T1)^(1/3)));
U23=3.9525*10000;
U78=1.676*10000;
U34=1.975*10000;
% U810=((0.56*1056)*(1.01*(abs(T10-T8))^(1/3)));
U45=1.9751*10000;
% U510=((0.44*1056)*(1.01*(abs(T10-T5))^(1/3)));
U015=8.5623*10;
U010=6.3216*0.7*c1*100; 
U1516=0.75*1056*6;
U1510=(433)*6;
U1511=0.25*1056*6;
% U1016=abs((0.75*1056)*(1.52*(T16-T10)^(1/3)));
% U1011=abs((0.25*1056)*(1.52*(T11-T10)^(1/3)));
U1617=2.2447*10000;
U1112=2.2447*10000;
U1213=1.12*10000;
U1314=1.12*10000;

R06=(2.09*100)^-1;
R01=(6.3216*0.7*c2*1.1*100)^-1;
R61=(abs(433)*6)^-1;
R67=(0.56*1056*6)^-1;
R62=(0.44*1056*6)^-1;
R23=(3.9525*10000)^-1;
R78=(1.676*10000)^-1;
R34=(1.975*10000)^-1;
R45=(1.9751*10000)^-1;
R015=(8.5623*10)^-1;
R010=(6.3216*0.7*c1*100)^-1; 
R1516=(0.75*1056*6)^-1;
R1510=((433)*6)^-1;
R1511=(0.25*1056*6)^-1;
R1617=(2.2447*10000)^-1;
R1112=(2.2447*10000)^-1;
R1213=(1.12*10000)^-1;
R1314=(1.12*10000)^-1;